1155,7
1155,6
1155,5
1155,4
1182,5
1182,4
1182,3
1182,2
1182,1
1182,0
1181,4
1181,3
1181,2
1181,1
1181,0
1180,3
1180,2
1180,1
1180,0
1179,4
1179,3
1179,2
1179,1
1179,0
1178,3
1178,2
1178,1
1178,0
1177,5
1177,4
1177,3
1177,2
1177,1
1177,0
1176,4
1176,3
1176,2
1176,1
1176,0
1175,3
1175,2
1175,1
1175,0
1174,3
1174,2
1174,1
1174,0
1173,4
1173,3
1173,2
1173,1
1173,0
1172,4
1172,3
1172,2
1172,1
1172,0
1171,6
1171,5
1171,4
1171,3
1171,2
1171,1
1171,0
1170,6
1170,5
1170,4
1170,3
1170,2
1170,1
1170,0
1169,6
1169,5
1169,4
1169,3
1169,2
1169,1
1169,0
1168,4
1168,3
1168,2
1168,1
1168,0
1167,3
1167,2
1167,1
1167,0
1166,3
1166,2
1166,1
1166,0
1165,4
1165,3
1165,2
1165,1
1165,0
1164,4
1164,3
1164,2
1164,1
1164,0
1163,4
1163,3
1163,2
1163,1
1163,0
1162,4
1162,3
1162,2
1162,1
1162,0
1161,4
1161,3
1161,2
1161,1
1161,0
1160,4
1160,3
1160,2
1160,1
1160,0
1159,4
1159,3
1159,2
1159,1
1159,0
1158,3
1158,2
1158,1
1158,0
1157,4
1157,3
1157,2
1157,1
1157,0
1156,3
1156,2
1156,1
1156,0
1155,3
1155,2
1155,1
1155,0
1154,5
1154,4
1154,3
1154,2
1154,1
1154,0
1153,3
1153,2
1153,1
1153,0
1152,4
1152,3
1152,2
1152,1
1152,0
1151,3
1151,2
1151,1
1151,0
1150,5
1150,4
1150,3
1150,2
1150,1
1150,0
1149,4
1149,3
1149,2
1149,1
1149,0
1148,3
1148,2
1148,1
1148,0
1147,4
1147,3
1147,2
1147,1
1147,0
1146,3
1146,2
1146,1
1146,0
1145,5
1145,4
1145,3
1145,2
1145,1
1145,0
1144,4
1144,3
1144,2
1144,1
1144,0
1143,3
1143,2
1143,1
1143,0
1142,3
1142,2
1142,1
1142,0
1141,4
1141,3
1141,2
1141,1
1141,0
1140,4
1140,3
1140,2
1140,1
1140,0
1139,6
1139,5
1139,4
1139,3
1139,2
1139,1
1139,0
1138,6
1138,5
1138,4
1138,3
1138,2
1138,1
1138,0
1137,6
1137,5
1137,4
1137,3
1137,2
1137,1
1137,0
1136,4
1136,3
1136,2
1136,1
1136,0
1135,3
1135,2
1135,1
1135,0
1134,3
1134,2
1134,1
1134,0
1133,4
1133,3
1133,2
1133,1
1133,0
1132,4
1132,3
1132,2
1132,1
1132,0
1131,4
1131,3
1131,2
1131,1
1131,0
1130,4
1130,3
1130,2
1130,1
1130,0
1129,4
1129,3
1129,2
1129,1
1129,0
1128,4
1128,3
1128,2
1128,1
1128,0
1127,4
1127,3
1127,2
1127,1
1127,0
1126,3
1126,2
1126,1
1126,0
1125,4
1125,3
1125,2
1125,1
1125,0
1124,3
1124,2
1124,1
1124,0
1123,3
1123,2
1123,1
1123,0
1122,5
1122,4
1122,3
1122,2
1122,1
1122,0
1121,3
1121,2
1121,1
1121,0
1120,4
1120,3
1120,2
1120,1
1120,0
1119,3
1119,2
1119,1
1119,0
1118,4
1118,3
1118,2
1118,1
1118,0
1117,4
1117,3
1117,2
1117,1
1117,0
1116,6
1116,5
1116,4
1116,3
1116,2
1116,1
1116,0
1115,6
1115,5
1115,4
1115,3
1115,2
1115,1
1115,0
1114,6
1114,5
1114,4
1114,3
1114,2
1114,1
1114,0
1113,4
1113,3
1113,2
1113,1
1113,0
1112,3
1112,2
1112,1
1112,0
1111,3
1111,2
1111,1
1111,0
1110,4
1110,3
1110,2
1110,1
1110,0
1109,4
1109,3
1109,2
1109,1
1109,0
1108,4
1108,3
1108,2
1108,1
1108,0
1107,4
1107,3
1107,2
1107,1
1107,0
1106,4
1106,3
1106,2
1106,1
1106,0
1105,4
1105,3
1105,2
1105,1
1105,0
1104,4
1104,3
1104,2
1104,1
1104,0
1103,3
1103,2
1103,1
1103,0
1102,4
1102,3
1102,2
1102,1
1102,0
1101,3
1101,2
1101,1
1101,0
1100,3
1100,2
1100,1
1100,0
1099,5
1099,4
1099,3
1099,2
1099,1
1099,0
1098,3
1098,2
1098,1
1098,0
1097,4
1097,3
1097,2
1097,1
1097,0
1096,3
1096,2
1096,1
1096,0
1095,4
1095,3
1095,2
1095,1
1095,0
1094,4
1094,3
1094,2
1094,1
1094,0
1093,6
1093,5
1093,4
1093,3
1093,2
1093,1
1093,0
1092,6
1092,5
1092,4
1092,3
1092,2
1092,1
1092,0
1091,6
1091,5
1091,4
1091,3
1091,2
1091,1
1091,0
1090,4
1090,3
1090,2
1090,1
1090,0
1089,3
1089,2
1089,1
1089,0
2,13
1088,3
1088,2
1088,1
1088,0
1087,4
1087,3
1087,2
1087,1
1087,0
1086,4
1086,3
1086,2
1086,1
1086,0
1085,4
1085,3
1085,2
1085,1
1085,0
1084,4
1084,3
1084,2
1084,1
1084,0
1083,4
1083,3
1083,2
1083,1
1083,0
1082,4
1082,3
1082,2
1082,1
1082,0
1081,4
1081,3
1081,2
1081,1
1081,0
1080,3
1080,2
1080,1
1080,0
1079,4
1079,3
1079,2
1079,1
1079,0
1078,3
1078,2
1078,1
1078,0
1077,3
1077,2
1077,1
1077,0
1076,5
1076,4
1076,3
1076,2
1076,1
1076,0
1075,3
1075,2
1075,1
1075,0
1074,4
1074,3
1074,2
1074,1
1074,0
1073,3
1073,2
1073,1
1073,0
0,310
0,305
0,308
0,307
0,302
0,304
0,303
0,12
0,532
0,10
0,8
0,0
0,415
0,300
0,412
0,299
0,527
0,419
0,298
0,489
0,411
0,297
0,382
0,410
0,296
0,470
0,409
0,295
0,559
0,491
0,294
0,550
0,407
0,293
0,526
0,361
0,292
0,525
0,447
0,291
0,542
0,404
0,290
0,546
0,533
0,289
0,524
0,319
0,288
0,440
0,403
0,287
0,499
0,402
0,286
0,401
0,285
0,558
0,472
0,284
0,564
0,487
0,283
0,523
0,486
0,282
0,522
0,468
0,281
0,521
0,405
0,280
0,476
0,394
0,279
0,393
0,350
0,278
0,391
0,277
0,500
0,388
0,276
0,435
0,520
0,275
0,539
0,387
0,274
0,434
0,386
0,273
0,444
0,385
0,272
0,482
0,483
0,271
0,462
0,384
0,270
0,519
0,488
0,269
0,556
0,461
0,268
0,329
0,381
0,267
0,544
0,502
0,266
0,563
0,484
0,265
0,457
0,380
0,264
0,454
0,379
0,263
0,439
0,378
0,262
0,475
0,431
0,261
0,433
0,377
0,260
0,517
0,432
0,259
0,473
0,531
0,258
0,418
0,374
0,257
0,516
0,375
0,256
0,554
0,421
0,255
0,573
0,373
0,254
0,397
0,372
0,253
0,574
0,371
0,252
0,515
0,460
0,251
0,406
0,370
0,250
0,466
0,569
0,249
0,514
0,456
0,248
0,480
0,367
0,247
0,485
0,513
0,246
0,553
0,562
0,245
0,568
0,366
0,244
0,369
0,365
0,242
0,455
0,364
0,241
0,549
0,363
0,240
2,1
1,0
0,408
0,416
1,1
0,463
0,464
0,465
0,481
0,493
1044,1
0,495
1044,5
0,504
0,538
2,4
2,6
2,7
2,9
2,10
3,0
3,3
228,0
228,2
228,3
230,1
230,2
231,0
231,2
231,3
231,5
232,0
232,2
233,0
233,1
233,3
234,0
234,2
234,4
235,0
235,2
235,3
236,1
236,2
236,4
237,1
237,2
237,4
238,0
238,2
238,4
240,0
240,2
240,3
242,0
242,1
242,3
245,0
245,1
245,3
245,4
248,1
248,3
248,4
248,6
250,0
250,2
250,3
251,0
251,2
251,3
254,0
254,1
254,3
254,5
254,6
255,1
255,2
258,0
258,2
258,3
258,5
260,0
260,2
260,3
262,0
262,2
262,3
715,0
715,1
715,3
717,1
717,2
718,0
718,1
718,3
718,4
719,0
719,2
719,3
720,1
720,2
721,0
721,2
721,3
722,0
722,1
722,3
723,0
723,2
723,4
724,0
724,2
724,3
725,0
725,2
725,3
727,0
727,1
727,3
727,4
729,1
729,3
729,4
732,1
732,2
732,4
735,1
735,2
735,4
735,5
737,0
737,2
737,3
738,0
738,1
738,3
738,4
741,1
741,3
741,4
742,0
742,1
742,3
745,1
745,2
745,4
745,5
748,1
748,2
748,4
1041,0
1041,1
1041,3
1043,0
1043,2
1044,2
1044,4
1045,1
1045,2
1046,0
1046,1
1046,3
1047,1
1047,2
1047,4
1048,0
1048,2
1049,0
1049,1
1049,3
1049,4
1050,1
1050,3
1050,4
1051,1
1051,2
1051,4
1053,0
1053,2
1053,4
1055,0
1055,2
1055,3
1058,0
1058,2
1058,3
1061,0
1061,1
1061,3
1061,4
1061,6
1063,1
1063,2
1063,4
1064,0
1064,2
1064,4
1067,0
1067,2
1067,3
1067,5
1069,0
1069,2
1069,4
1072,0
1072,2
1072,3
1072,5
1072,4
1072,1
1069,3
1069,1
1067,4
1067,1
1064,3
1064,1
1063,3
1063,0
1061,5
1061,2
1058,4
1058,1
1055,4
1055,1
1053,3
1053,1
1051,3
1051,0
1050,2
1050,0
1049,2
1048,3
1048,1
1047,3
1047,0
1046,2
1045,3
1045,0
1043,3
1043,1
1041,2
748,5
748,3
748,0
745,3
745,0
742,2
741,5
741,2
741,0
738,2
737,4
737,1
735,6
735,3
735,0
732,3
732,0
729,2
729,0
727,2
725,4
725,1
724,4
724,1
723,3
723,1
722,2
721,4
721,1
720,3
720,0
719,1
718,5
718,2
717,3
717,0
715,2
262,4
262,1
260,4
260,1
258,4
258,1
255,3
255,0
254,4
254,2
251,4
251,1
250,4
250,1
248,5
248,2
248,0
245,2
242,4
242,2
240,4
240,1
238,3
238,1
237,3
237,0
236,3
236,0
235,1
234,3
234,1
233,2
232,3
232,1
231,4
231,1
230,3
230,0
228,1
3,1
2,12
2,8
2,5
2,2
0,497
0,494
1044,3
0,534
1044,0
0,430
1,3
0,376
0,351
2,11
0,322
2,3
0,318
0,243
2,0
0,9
0,429
0,512
0,239
0,399
0,362
0,238
0,459
0,334
0,237
0,511
0,345
0,236
0,333
0,359
0,235
0,540
0,420
0,234
0,389
0,458
0,233
0,395
0,358
0,232
0,496
0,357
0,231
0,417
0,356
0,230
0,390
0,355
0,229
0,354
0,228
0,330
0,353
0,227
0,535
0,383
0,226
0,344
0,352
0,225
0,453
0,501
0,224
0,566
0,552
0,223
0,507
0,349
0,222
0,551
0,452
0,221
0,510
0,547
0,220
0,536
0,348
0,219
0,548
0,347
0,218
0,474
0,346
0,217
0,509
0,392
0,216
0,449
0,543
0,215
0,498
0,343
0,214
0,469
0,342
0,213
0,490
0,341
0,212
0,398
0,340
0,211
0,450
0,339
0,210
0,448
0,338
0,209
0,479
0,337
0,208
0,478
0,336
0,207
0,445
0,360
0,206
0,396
0,335
0,205
0,442
0,204
0,441
0,471
0,203
0,422
0,332
0,202
0,438
0,201
0,530
0,446
0,200
0,572
0,331
0,199
0,437
0,451
0,198
0,436
0,541
0,197
0,508
0,328
0,196
0,529
0,575
0,195
0,528
0,467
0,194
0,518
0,327
0,193
0,571
0,326
0,192
0,506
0,325
0,63
0,570
0,324
0,62
0,505
0,323
0,61
0,503
0,321
0,60
0,477
0,426
0,59
0,567
0,320
0,58
0,425
0,545
0,57
0,424
0,557
0,56
0,400
0,317
0,55
0,560
0,414
0,54
0,537
0,423
0,53
0,428
0,316
0,52
0,413
0,315
0,51
0,492
0,314
0,50
0,368
0,313
0,49
0,565
0,312
0,48
0,443
0,311
0,47
0,555
0,309
0,46
0,561
0,306
0,45
0,427
0,301
0,6
0,5
0,1
0,11
0,4
0,2
0,3
0,7
